[MAPDATA_TEXT_OUTPUT]
MAPDATA_EXIST=1
TILESET_ID=0
MAP_WIDTH=20
MAP_HEIGHT=15
MAPLAYER=3
[--MAP_START--]
[MAPLAYER_1_START]
0,0,0,0,0,0,0,0,0,0,0,0,0,0,0,0,0,0,0,0,
0,0,0,0,0,0,0,0,0,0,0,0,0,0,0,0,0,0,0,0,
0,0,0,0,0,0,0,0,0,0,0,0,0,0,0,0,0,0,0,0,
0,0,0,0,0,0,300214,302041,0,0,0,0,0,0,0,0,0,0,0,0,
0,0,0,0,0,300214,303443,304120,0,0,0,0,0,0,0,0,0,0,0,0,
0,0,0,0,300214,303443,304120,0,0,0,0,0,0,400011,0,0,0,0,0,0,
0,0,0,0,301402,304120,0,0,0,0,0,0,400214,403344,402041,0,0,0,0,0,
0,0,0,0,0,0,0,0,0,0,0,0,401402,404422,404131,0,0,0,0,0,
0,0,0,0,0,0,0,0,0,0,0,0,0,0,401100,0,0,0,0,0,
0,0,0,0,0,0,0,0,400214,402041,0,0,0,0,0,0,0,0,0,0,
0,0,0,0,0,0,400202,402234,403443,404322,402222,402020,0,0,0,0,0,0,0,0,
0,0,0,0,0,0,0,401402,404120,0,0,0,0,0,0,0,0,0,0,0,
0,0,0,0,0,0,0,0,0,0,0,0,0,0,0,0,0,0,0,0,
0,0,0,0,0,0,0,0,0,0,0,0,0,0,0,0,0,0,0,0,
0,0,0,0,0,0,0,0,0,0,0,0,0,0,0,0,0,0,0,0,
[MAPLAYER_1_END]
[MAPLAYER_2_START]
504444,504444,504444,504444,504444,504444,504444,504444,504444,504444,504444,504444,504444,504444,504444,504444,504444,504444,504444,504444,
504444,504444,504444,504444,504443,504422,504422,504422,504422,504422,504422,504422,504422,504422,504422,504434,504444,504444,504444,504444,
504444,504444,504444,504443,504120,100214,102244,102244,102244,102244,102244,102244,102244,102244,102041,501402,504434,504444,504444,504444,
504444,504444,504443,504120,100214,103444,104444,104444,104444,104444,104444,104444,104444,104444,104344,102041,501402,504434,504444,504444,
504444,504444,504141,100214,103444,104444,104444,104444,104444,104444,104444,104444,104444,104444,104444,104344,102041,501414,504444,504444,
504444,504444,504141,101414,104444,104444,104444,104444,104444,104444,104444,104444,104444,104444,104444,104444,104141,501414,504444,504444,
504444,504444,504141,101414,104444,104444,104444,104444,104444,104444,104444,104444,104444,104444,104444,104444,104141,501414,504444,504444,
504444,504444,504141,101414,104444,104444,104444,104444,104444,104444,104444,104444,104444,104444,104444,104444,104141,501414,504444,504444,
504444,504444,504141,101414,104444,104444,104444,104444,104444,104444,104444,104444,104444,104444,104444,104444,104141,501414,504444,504444,
504444,504444,504141,101414,104444,104444,104444,104444,104444,104444,104444,104444,104444,104444,104444,104444,104141,501414,504444,504444,
504444,504444,504141,101402,104434,104444,104444,104444,104444,104444,104444,104444,104444,104444,104444,104443,104120,501414,504444,504444,
504444,504444,504344,502041,101402,104434,104444,104444,104444,104444,104444,104444,104444,104444,104443,104120,500214,503444,504444,504444,
504444,504444,504444,504344,502041,101402,104422,104422,104422,104422,104422,104422,104422,104422,104120,500214,503444,504444,504444,504444,
504444,504444,504444,504444,504344,502244,502244,502244,502244,502244,502244,502244,502244,502244,502244,503444,504444,504444,504444,504444,
504444,504444,504444,504444,504444,504444,504444,504444,504444,504444,504444,504444,504444,504444,504444,504444,504444,504444,504444,504444,
[MAPLAYER_2_END]
[MAPLAYER_3_START]
104444,104444,104444,104444,104444,104444,104444,104444,104444,104444,104444,104444,104444,104444,104444,104444,104444,104444,104444,104444,
104444,104444,104444,104444,104444,104444,104444,104444,104444,104444,104444,104444,104444,104444,104444,104444,104444,104444,104444,104444,
104444,104444,104444,104444,104444,104444,104444,104444,104444,104444,104444,104444,104444,104444,104444,104444,104444,104444,104444,104444,
104444,104444,104444,104444,104444,104444,104444,104444,104444,104444,104444,104444,104444,104444,104444,104444,104444,104444,104444,104444,
104444,104444,104444,104444,104444,104444,104444,104444,104444,104444,104444,104444,104444,104444,104444,104444,104444,104444,104444,104444,
104444,104444,104444,104444,104444,104444,104444,104444,104444,104444,104444,104444,104444,104444,104444,104444,104444,104444,104444,104444,
104444,104444,104444,104444,104444,104444,104444,104444,104444,104444,104444,104444,104444,104444,104444,104444,104444,104444,104444,104444,
104444,104444,104444,104444,104444,104444,104444,104444,104444,104444,104444,104444,104444,104444,104444,104444,104444,104444,104444,104444,
104444,104444,104444,104444,104444,104444,104444,104444,104444,104444,104444,104444,104444,104444,104444,104444,104444,104444,104444,104444,
104444,104444,104444,104444,104444,104444,104444,104444,104444,104444,104444,104444,104444,104444,104444,104444,104444,104444,104444,104444,
104444,104444,104444,104444,104444,104444,104444,104444,104444,104444,104444,104444,104444,104444,104444,104444,104444,104444,104444,104444,
104444,104444,104444,104444,104444,104444,104444,104444,104444,104444,104444,104444,104444,104444,104444,104444,104444,104444,104444,104444,
104444,104444,104444,104444,104444,104444,104444,104444,104444,104444,104444,104444,104444,104444,104444,104444,104444,104444,104444,104444,
104444,104444,104444,104444,104444,104444,104444,104444,104444,104444,104444,104444,104444,104444,104444,104444,104444,104444,104444,104444,
104444,104444,104444,104444,104444,104444,104444,104444,104444,104444,104444,104444,104444,104444,104444,104444,104444,104444,104444,104444,
[MAPLAYER_3_END]
[--MAP_END--]
