[MAPDATA_TEXT_OUTPUT]
MAPDATA_EXIST=1
TILESET_ID=0
MAP_WIDTH=30
MAP_HEIGHT=30
MAPLAYER=3
[--MAP_START--]
[MAPLAYER_1_START]
0,0,0,0,0,0,0,0,0,0,0,0,0,0,0,0,0,0,0,0,0,0,0,0,0,0,0,0,0,0,
0,0,0,0,0,0,0,0,0,0,0,0,0,0,0,0,0,0,0,0,0,0,0,0,0,0,0,0,0,0,
0,0,0,0,0,0,0,0,0,0,0,0,0,0,0,0,0,0,0,0,0,0,0,0,0,0,0,0,0,0,
0,0,0,0,0,0,0,0,0,0,0,0,0,0,0,0,0,0,0,0,0,0,0,0,0,0,0,0,0,0,
0,0,0,0,0,0,0,0,0,0,0,0,0,0,0,0,0,0,0,0,0,0,0,0,0,0,0,0,0,0,
0,0,0,0,0,0,0,0,0,0,0,0,0,0,0,0,0,0,0,0,0,0,0,0,0,0,0,0,0,0,
0,0,0,0,0,0,0,0,0,0,0,0,0,0,0,0,0,0,0,0,0,0,0,0,0,0,0,0,0,0,
0,0,0,0,0,0,0,0,0,0,0,0,0,0,0,0,0,0,0,0,0,0,0,0,0,0,0,0,0,0,
0,0,0,292,292,292,292,292,292,292,292,292,0,0,0,0,0,0,0,0,0,0,0,0,0,0,0,0,0,0,
0,0,0,292,292,292,292,292,292,292,292,292,0,0,0,0,0,0,0,0,0,0,0,0,0,0,0,0,0,0,
0,0,0,292,292,292,292,292,292,292,292,292,0,0,0,0,0,0,0,0,0,0,0,0,0,0,0,0,0,0,
0,0,0,292,292,292,292,292,292,292,292,292,0,0,0,0,0,0,0,0,0,0,0,0,0,0,0,0,0,0,
0,0,0,292,292,292,292,292,292,292,292,292,0,0,0,0,0,0,0,0,0,0,0,0,0,0,0,0,0,0,
0,0,0,292,292,292,292,292,292,292,292,292,0,0,0,0,0,0,0,0,0,0,0,0,0,0,0,0,0,0,
0,0,0,292,292,292,292,292,292,292,292,292,0,0,0,0,0,0,0,0,0,0,0,0,0,0,0,0,0,0,
0,0,0,0,0,0,0,0,0,0,0,0,0,0,0,0,0,0,0,0,0,0,0,0,0,0,0,0,0,0,
0,0,0,0,0,0,0,0,0,0,0,0,0,0,0,0,0,0,0,0,0,0,0,0,0,0,0,0,0,0,
0,0,0,0,0,0,0,0,0,0,0,0,0,0,0,0,0,0,0,0,0,0,0,0,0,0,0,0,0,0,
0,0,0,0,0,0,0,0,0,0,0,0,0,0,0,0,0,0,0,0,0,0,0,0,0,0,0,0,0,0,
0,0,0,0,0,0,0,0,0,0,0,0,0,0,0,0,0,0,0,0,0,0,0,0,0,0,0,0,0,0,
0,0,0,0,0,0,0,0,0,0,0,0,0,0,0,0,0,0,0,0,0,0,0,0,0,0,0,0,0,0,
0,0,0,0,0,0,0,0,0,0,0,0,0,0,0,0,0,0,0,0,0,0,0,0,0,0,0,0,0,0,
0,0,0,0,0,0,0,0,0,0,0,0,0,0,0,0,0,0,0,0,0,0,0,0,0,0,0,0,0,0,
0,0,0,0,0,0,0,0,0,0,0,0,0,0,0,0,0,0,0,0,0,0,0,0,0,0,0,0,0,0,
0,0,0,0,0,0,0,0,0,0,0,0,0,0,0,0,0,0,0,0,0,0,0,0,0,0,0,0,0,0,
0,0,0,0,0,0,0,0,0,0,0,0,0,0,0,0,0,0,0,0,0,0,0,0,0,0,0,0,0,0,
0,0,0,0,0,0,0,0,0,0,0,0,0,0,0,0,0,0,0,0,0,0,0,0,0,0,0,0,0,0,
0,0,0,0,0,0,0,0,0,0,0,0,0,0,0,0,0,0,0,0,0,0,0,0,0,0,0,0,0,0,
0,0,0,0,0,0,0,0,0,0,0,0,0,0,0,0,0,0,0,0,0,0,0,0,0,0,0,0,0,0,
0,0,0,0,0,0,0,0,0,0,0,0,0,0,0,0,0,0,0,0,0,0,0,0,0,0,0,0,0,0,
[MAPLAYER_1_END]
[MAPLAYER_2_START]
100000,100000,100000,100000,100000,100000,100000,100000,100000,100000,100000,100000,100000,100000,100000,100000,100000,100000,100000,100000,100000,100000,100000,100000,100000,100000,100000,100000,100000,100000,
100000,100000,100000,100000,100000,100000,100000,100000,100000,100000,100000,100000,100000,100000,100000,100000,100000,100000,100000,100000,100000,100000,100000,100000,100000,100000,100000,100000,100000,100000,
104444,104444,104443,104422,104422,104422,104422,104422,104422,104422,104422,104422,104434,104444,104444,104444,104444,104444,104444,104444,104444,104444,104444,104444,104444,104444,104444,104444,100000,100000,
104444,104443,104120,500213,502222,502222,502222,502222,502222,502222,502222,502031,101402,104434,104444,104444,104444,104444,104444,104444,104444,104444,104444,104444,104444,104444,104444,104444,100000,100000,
104444,104141,500213,503120,100214,102244,102243,102222,102234,102244,102041,501302,502031,101402,104434,104444,104444,104444,104444,104444,104444,104444,104444,104444,104444,104444,104444,104444,100000,100000,
104443,104120,501111,100214,103444,104444,104141,41,101414,104444,104344,102041,501302,502031,101402,104434,104444,104444,104444,104444,104444,104444,104444,104444,104444,104444,104444,104444,100000,100000,
104141,500213,503120,101414,104444,104444,104344,102244,103444,104444,104444,104344,102041,501302,502031,101402,104434,104444,104444,104444,104444,104444,104444,104444,104444,104444,104444,104444,100000,100000,
104141,501111,100214,103444,104444,104444,104444,104444,104444,104444,104444,104444,104344,102041,501302,502031,101402,104434,104444,104444,104444,104444,104444,104444,104444,104444,104444,104444,100000,100000,
104141,501111,101414,104444,104444,104444,104444,104444,104444,104444,104444,104444,104444,104344,102041,501302,502031,101402,104434,104444,104444,104444,104444,104444,104444,104444,104444,104444,100000,100000,
104141,501111,101414,104444,104444,104444,104444,104444,104444,104444,104444,104444,104443,104422,104322,102031,501302,502031,101402,104422,104422,104422,104434,104444,104444,104444,104444,104444,100000,100000,
104141,501111,101414,104444,104444,104444,104444,104444,104444,104444,104444,104444,104141,10,11,101314,102041,501302,502222,502222,502222,502031,101402,104422,104434,104444,104444,104444,100000,100000,
104141,501111,101414,104444,104444,104444,104444,104444,104444,104444,104444,104444,104141,18,19,101402,104334,102244,102244,102244,102041,501302,502222,502031,101402,104434,104444,104444,100000,100000,
104141,501111,101414,104444,104444,104444,104444,104444,104444,104444,104444,104444,104344,102244,102041,43,101414,104444,104444,104444,104344,102244,102041,501302,502031,101402,104434,104444,100000,100000,
104141,501111,101414,104444,104444,104444,104444,104444,104444,104444,104444,104444,104444,104444,104344,102244,103444,104443,104422,104422,104422,104422,104322,102031,501302,502031,101414,104444,100000,100000,
104141,501111,101414,104444,104444,104444,104444,104444,104444,104444,104444,104444,104444,104444,104444,104444,104444,104141,677,678,678,678,679,101314,102041,501111,101402,104434,100000,100000,
104141,501111,101414,104444,104444,104444,104444,104444,104444,104444,104444,104444,104444,104444,104444,104444,104444,104344,102041,724,100011,724,100214,103444,104141,501302,502031,101414,100000,100000,
104141,501111,101413,104422,104422,104434,104444,104444,104444,104444,104444,104444,104444,104444,104444,104444,104444,104444,104344,102244,103344,102244,103443,104422,104334,102041,501111,101414,100000,100000,
104141,501111,101111,8,9,101414,104444,104444,104444,104444,104444,104444,104444,104444,104444,104444,104444,104444,104444,104444,104444,104444,104141,923,101414,104141,501111,101414,100000,100000,
104141,501111,101111,16,17,101414,104444,104444,104444,104444,104444,104444,104444,104444,104444,104444,104444,104444,104444,104444,104444,104444,104141,931,101414,104141,501111,101414,100000,100000,
104141,501111,101314,102244,102244,103444,104444,104444,104444,104444,104444,104444,104444,104444,104444,104444,104444,104444,104444,104444,104444,104444,104344,102244,103444,104141,501111,101414,100000,100000,
104141,501111,101414,104444,104444,104444,104444,104444,104444,104444,104444,104444,104444,104444,104444,104444,104444,104444,104443,104422,104422,104434,104444,104444,104444,104141,501111,101414,100000,100000,
104141,501111,101414,104443,104422,104434,104444,104444,104444,104444,104444,104444,104444,104444,104444,104444,104444,104444,104141,8,9,101414,104444,104444,104444,104141,501111,101414,100000,100000,
104141,501111,101414,104141,41,101414,104444,104444,104444,104444,104444,104444,104444,104444,104444,104444,104444,104444,104141,16,17,101414,104444,104444,104444,104141,501111,101414,100000,100000,
104141,501111,101402,104334,102244,103444,104444,104444,104444,104444,104444,104444,104444,104444,104444,104444,104444,104444,104344,102244,102244,103444,104444,104444,104443,104120,501111,101414,100000,100000,
104141,501302,502031,101402,104422,104422,104422,104422,104422,104434,104444,104444,104444,104443,104422,104422,104422,104434,104444,104444,104444,104444,104443,104422,104120,500213,503120,101414,100000,100000,
104344,102041,501302,502222,502222,502222,502222,502222,502031,101402,104422,104422,104422,104120,500213,502222,502031,101402,104422,104422,104422,104422,104120,500213,502222,503120,100214,103444,100000,100000,
104444,104344,102244,102244,102244,102244,102244,102041,501100,200202,202222,202222,202222,202020,501100,100011,501302,502222,502222,502222,502222,502222,502222,503120,100214,102244,103444,104444,100000,100000,
104444,104444,104444,104444,104444,104444,104444,104344,102244,102244,102244,102244,102244,102244,102244,103344,102244,102244,102244,102244,102244,102244,102244,102244,103444,104444,104444,104444,100000,100000,
100000,100000,100000,100000,100000,100000,100000,100000,100000,100000,100000,100000,100000,100000,100000,100000,100000,100000,100000,100000,100000,100000,100000,100000,100000,100000,100000,100000,100000,100000,
100000,100000,100000,100000,100000,100000,100000,100000,100000,100000,100000,100000,100000,100000,100000,100000,100000,100000,100000,100000,100000,100000,100000,100000,100000,100000,100000,100000,100000,100000,
[MAPLAYER_2_END]
[MAPLAYER_3_START]
100000,100000,100000,100000,100000,100000,100000,100000,100000,100000,100000,100000,100000,100000,100000,100000,100000,100000,100000,100000,100000,100000,100000,100000,100000,100000,100000,100000,100000,100000,
100000,100000,100000,100000,100000,100000,100000,100000,100000,100000,100000,100000,100000,100000,100000,100000,100000,100000,100000,100000,100000,100000,100000,100000,100000,100000,100000,100000,100000,100000,
100000,100000,100000,100000,100000,100000,100000,100000,100000,100000,100000,100000,100000,100000,100000,100000,100000,100000,100000,100000,100000,100000,100000,100000,100000,100000,100000,100000,100000,100000,
100000,100000,100000,100000,100000,100000,100000,100000,100000,100000,100000,100000,100000,100000,100000,100000,100000,100000,100000,100000,100000,100000,100000,100000,100000,100000,100000,100000,100000,100000,
100000,100000,100000,100000,100000,100000,100000,100000,100000,100000,100000,100000,100000,100000,100000,100000,100000,100000,100000,100000,100000,100000,100000,100000,100000,100000,100000,100000,100000,100000,
100000,100000,100000,100000,100000,100000,100000,100000,100000,100000,100000,100000,100000,100000,100000,100000,100000,100000,100000,100000,100000,100000,100000,100000,100000,100000,100000,100000,100000,100000,
100000,100000,100000,100000,100000,100000,100000,100000,100000,100000,100000,100000,100000,100000,100000,100000,100000,100000,100000,100000,100000,100000,100000,100000,100000,100000,100000,100000,100000,100000,
100000,100000,100000,100000,100000,100000,100000,100000,100000,100000,100000,100000,100000,100000,100000,100000,100000,100000,100000,100000,100000,100000,100000,100000,100000,100000,100000,100000,100000,100000,
100000,100000,100000,100000,100000,100000,100000,100000,100000,100000,100000,100000,100000,100000,100000,100000,100000,100000,100000,100000,100000,100000,100000,100000,100000,100000,100000,100000,100000,100000,
100000,100000,100000,100000,100000,100000,100000,100000,100000,100000,100000,100000,100000,100000,100000,100000,100000,100000,100000,100000,100000,100000,100000,100000,100000,100000,100000,100000,100000,100000,
100000,100000,100000,100000,100000,100000,100000,100000,100000,100000,100000,100000,100000,100000,100000,100000,100000,100000,100000,100000,100000,100000,100000,100000,100000,100000,100000,100000,100000,100000,
100000,100000,100000,100000,100000,100000,100000,100000,100000,100000,100000,100000,100000,100000,100000,100000,100000,100000,100000,100000,100000,100000,100000,100000,100000,100000,100000,100000,100000,100000,
100000,100000,100000,100000,100000,100000,100000,100000,100000,100000,100000,100000,100000,100000,100000,100000,100000,100000,100000,100000,100000,100000,100000,100000,100000,100000,100000,100000,100000,100000,
100000,100000,100000,100000,100000,100000,100000,100000,100000,100000,100000,100000,100000,100000,100000,100000,100000,100000,100000,100000,100000,100000,100000,100000,100000,100000,100000,100000,100000,100000,
100000,100000,100000,100000,100000,100000,100000,100000,100000,100000,100000,100000,100000,100000,100000,100000,100000,100000,100000,100000,100000,100000,100000,100000,100000,100000,100000,100000,100000,100000,
100000,100000,100000,100000,100000,100000,100000,100000,100000,100000,100000,100000,100000,100000,100000,100000,100000,100000,100000,100000,100000,100000,100000,100000,100000,100000,100000,100000,100000,100000,
100000,100000,100000,100000,100000,100000,100000,100000,100000,100000,100000,100000,100000,100000,100000,100000,100000,100000,100000,100000,100000,100000,100000,100000,100000,100000,100000,100000,100000,100000,
100000,100000,100000,100000,100000,100000,100000,100000,100000,100000,100000,100000,100000,100000,100000,100000,100000,100000,100000,100000,100000,100000,100000,100000,100000,100000,100000,100000,100000,100000,
100000,100000,100000,100000,100000,100000,100000,100000,100000,100000,100000,100000,100000,100000,100000,100000,100000,100000,100000,100000,100000,100000,100000,100000,100000,100000,100000,100000,100000,100000,
100000,100000,100000,100000,100000,100000,100000,100000,100000,100000,100000,100000,100000,100000,100000,100000,100000,100000,100000,100000,100000,100000,100000,100000,100000,100000,100000,100000,100000,100000,
100000,100000,100000,100000,100000,100000,100000,100000,100000,100000,100000,100000,100000,100000,100000,100000,100000,100000,100000,100000,100000,100000,100000,100000,100000,100000,100000,100000,100000,100000,
100000,100000,100000,100000,100000,100000,100000,100000,100000,100000,100000,100000,100000,100000,100000,100000,100000,100000,100000,100000,100000,100000,100000,100000,100000,100000,100000,100000,100000,100000,
100000,100000,100000,100000,100000,100000,100000,100000,100000,100000,100000,100000,100000,100000,100000,100000,100000,100000,100000,100000,100000,100000,100000,100000,100000,100000,100000,100000,100000,100000,
100000,100000,100000,100000,100000,100000,100000,100000,100000,100000,100000,100000,100000,100000,100000,100000,100000,100000,100000,100000,100000,100000,100000,100000,100000,100000,100000,100000,100000,100000,
100000,100000,100000,100000,100000,100000,100000,104444,104444,104444,104444,104444,100000,100000,100000,100000,100000,100000,100000,100000,100000,100000,100000,100000,100000,100000,100000,100000,100000,100000,
100000,100000,100000,100000,100000,100000,100000,104444,104444,104444,104444,104444,100000,100000,100000,100000,100000,100000,100000,100000,100000,100000,100000,100000,100000,100000,100000,100000,100000,100000,
100000,100000,100000,100000,100000,100000,100000,104444,104444,104444,104444,104444,100000,100000,100000,100000,100000,100000,100000,100000,100000,100000,100000,100000,100000,100000,100000,100000,100000,100000,
100000,100000,100000,100000,100000,100000,100000,104444,104444,104444,104444,104444,100000,100000,100000,100000,100000,100000,100000,100000,100000,100000,100000,100000,100000,100000,100000,100000,100000,100000,
100000,100000,100000,100000,100000,100000,100000,100000,100000,100000,100000,100000,100000,100000,100000,100000,100000,100000,100000,100000,100000,100000,100000,100000,100000,100000,100000,100000,100000,100000,
100000,100000,100000,100000,100000,100000,100000,100000,100000,100000,100000,100000,100000,100000,100000,100000,100000,100000,100000,100000,100000,100000,100000,100000,100000,100000,100000,100000,100000,100000,
[MAPLAYER_3_END]
[--MAP_END--]
